5 7 6 3 0 0
7 6 11 6 1 0
14 2 12 15 1 0
20 5 9 15 2 0
26 7 6 15 2 0
35 14 14 1 3 0
38 16 14 2 3 0
20 25 19 9 0 0
7 34 27 11 0 0
2 35 33 14 0 0
11 16 36 23 0 1
4 24 43 27 0 1
6 27 43 32 0 1
3 33 43 33 0 1
1 39 43 35 0 1
7 43 48 40 0 1
9 49 53 46 0 1
5 53 60 49 0 1
7 57 65 51 0 1
0 60 69 55 0 1
8 66 77 62 0 1
1 69 81 70 0 1
0 71 90 74 0 1
2 80 98 80 0 1
9 84 104 86 0 1
8 88 104 91 0 1
2 95 105 98 0 1
6 97 107 105 0 1
1 103 107 106 0 1
9 107 116 111 0 1
7 108 125 111 0 1
5 109 126 118 0 0
6 116 133 127 0 0
11 102 136 134 1 0
15 91 139 140 1 0
24 73 140 148 1 0
32 53 149 151 1 0
41 33 154 159 1 0
46 21 157 165 1 0
51 2 158 171 1 0
59 4 166 180 1 0
59 3 166 181 1 0
63 4 170 185 1 0
64 3 176 192 1 0
70 12 161 199 2 0
78 19 142 201 2 0
79 23 129 206 2 0
86 32 114 214 2 0
94 40 97 219 2 0
103 48 78 222 2 0
106 51 62 228 2 0
106 57 50 231 2 0
114 65 38 235 2 0
120 72 25 244 2 0
123 72 8 248 2 0
128 74 9 248 2 0
137 79 0 252 2 0
139 88 6 256 2 0
146 95 4 258 2 0
147 103 4 263 2 0
150 112 8 265 2 0
152 112 16 251 3 0
153 117 16 232 3 0
158 125 16 213 3 0
164 129 22 193 3 0
170 137 27 175 3 0
177 141 35 157 3 0
183 141 39 139 3 0
183 150 48 121 3 0
184 153 49 109 3 0
188 156 49 90 3 0
189 165 52 70 3 0
192 174 58 59 3 0
197 174 66 42 3 0
197 178 72 28 3 0
199 184 76 8 3 0
205 189 83 6 3 0
207 196 91 9 3 0
216 205 93 8 3 0
223 207 93 6 3 0
225 210 94 6 3 0
234 219 99 1 3 0
235 228 103 1 3 0
243 233 110 0 3 0
251 237 110 7 3 0
260 239 114 0 3 0
264 239 115 6 3 0
244 241 117 8 0 0
233 243 122 13 0 0
216 251 124 13 0 0
196 255 124 21 0 0
182 264 125 30 0 0
166 268 130 32 0 0
152 271 139 41 0 0
134 271 144 41 0 0
119 274 148 50 0 0
102 278 155 51 0 0
91 284 159 52 0 0
77 286 161 56 0 0
65 288 162 60 0 0
53 290 171 68 0 0
41 296 179 76 0 0
24 299 187 79 0 0
8 299 195 82 0 0
9 307 201 89 0 0
7 315 207 89 0 0
3 318 207 98 0 0
2 321 214 101 0 0
6 323 219 107 0 0
9 330 227 112 0 0
1 334 227 118 0 0
7 342 231 118 0 0
2 348 239 118 0 0
5 337 246 122 1 0
8 325 248 131 1 0
16 312 249 131 1 0
20 297 250 140 1 0
27 282 252 149 1 0
31 271 261 153 1 0
36 254 270 158 1 0
37 242 270 165 1 0
45 229 279 174 1 0
49 212 284 176 1 0
49 194 284 185 1 0
51 180 293 186 1 0
58 160 295 187 1 0
67 141 296 190 1 0
74 127 301 190 1 0
80 107 305 197 1 0
88 91 312 201 1 0
94 73 320 206 1 0
98 59 326 206 1 0
107 47 328 212 1 0
107 34 328 218 1 0
110 15 328 219 1 0
116 2 335 226 1 0
116 2 340 230 1 0
125 0 349 232 1 0
126 5 353 241 1 0
134 7 356 241 1 0
138 0 362 249 1 0
138 6 369 255 1 0
147 5 376 264 1 0
150 5 384 271 1 0
157 3 392 274 1 0
165 7 395 283 1 0
174 1 399 290 1 0
182 9 388 290 2 0
185 13 376 295 2 0
193 16 357 302 2 0
202 23 346 302 2 0
206 25 329 311 2 0
208 26 316 314 2 0
209 28 296 316 2 0
216 29 281 323 2 0
217 36 262 327 2 0
217 43 243 328 2 0
222 51 223 332 2 0
224 57 209 333 2 0
228 63 198 334 2 0
229 71 178 342 2 0
238 73 160 342 2 0
242 79 145 349 2 0
251 86 128 355 2 0
252 95 112 362 2 0
252 101 92 369 2 0
261 104 77 377 2 0
265 109 58 381 2 0
269 114 43 382 2 0
277 117 31 391 2 0
279 119 13 396 2 0
283 122 0 403 2 0
286 128 3 409 2 0
289 132 4 412 2 0
294 134 7 421 2 0
296 134 9 429 2 0
301 140 7 433 2 0
304 143 1 440 2 0
305 148 8 443 2 0
311 155 8 443 2 0
319 155 5 446 2 0
320 156 4 446 2 0
323 165 5 449 2 0
323 170 1 453 2 0
329 175 3 461 2 0
329 184 9 466 2 0
336 187 15 453 3 0
336 192 16 439 3 0
344 192 21 425 3 0
350 194 23 406 3 0
354 194 24 395 3 0
354 198 31 377 3 0
354 206 33 360 3 0
354 206 40 343 3 0
356 215 44 326 3 0
361 217 48 313 3 0
364 221 52 295 3 0
372 221 58 283 3 0
375 223 60 272 3 0
379 226 68 253 3 0
384 230 70 235 3 0
391 235 77 216 3 0
399 244 83 197 3 0
402 247 86 178 3 0
408 255 95 165 3 0
416 259 95 152 3 0
422 260 103 136 3 0
423 262 108 124 3 0
423 268 117 113 3 0
432 277 121 99 3 0
435 286 129 79 3 0
444 294 133 60 3 0
447 301 140 46 3 0
449 303 141 33 3 0
458 303 146 14 3 0
459 303 150 0 3 0
460 307 157 3 3 0
463 307 160 1 3 0
468 314 161 2 3 0
470 318 166 6 3 0
472 325 167 2 3 0
477 331 168 4 3 0
486 336 176 7 3 0
492 339 183 2 3 0
499 348 190 4 3 0
505 349 192 2 3 0
506 351 192 3 3 0
506 356 198 5 3 0
512 360 201 0 3 0
517 362 201 6 3 0
517 367 210 8 3 0
520 375 210 6 3 0
501 377 218 13 0 0
486 385 223 13 0 0
469 392 223 18 0 0
449 395 225 26 0 0
435 402 232 33 0 0
424 403 233 42 0 0
412 412 241 42 0 0
399 415 241 50 0 0
381 424 247 50 0 0
370 431 254 51 0 0
357 433 260 58 0 0
345 441 265 59 0 0
330 447 270 63 0 0
318 451 278 69 0 0
305 459 281 77 0 0
290 463 283 82 0 0
273 470 288 82 0 0
254 472 295 84 0 0
238 481 299 87 0 0
225 486 308 88 0 0
207 488 309 92 0 0
187 490 315 93 0 0
174 499 317 95 0 0
160 504 320 99 0 0
143 504 324 100 0 0
130 511 326 101 0 0
110 512 334 110 0 0
91 512 340 117 0 0
72 517 342 117 2 1
75 518 7 126 2 1
81 518 2 127 2 1
90 522 7 135 2 1
95 526 4 137 2 1
103 528 1 146 2 1
109 528 6 155 2 1
113 537 0 159 2 1
119 543 4 164 2 1
124 552 9 167 2 1
124 555 1 169 2 1
127 556 9 178 2 1
132 564 5 182 2 1
140 567 3 189 2 1
143 572 5 198 2 1
146 572 6 206 2 1
154 573 6 209 2 1
155 578 0 216 2 1
155 581 0 217 2 1
159 586 4 217 2 1
168 595 4 219 2 1
176 604 4 228 2 0
185 607 6 229 2 0
191 611 9 212 3 0
192 617 14 193 3 0
201 619 16 180 3 0
203 620 24 162 3 0
209 628 31 146 3 0
211 635 38 129 3 0
216 637 45 112 3 0
224 643 52 95 3 0
228 649 55 76 3 0
236 654 58 56 3 0
245 663 58 41 3 0
249 665 58 29 3 0
251 666 58 18 3 0
254 672 58 0 3 0
257 680 58 9 3 0
258 683 65 8 3 0
258 688 65 0 3 0
258 696 66 3 3 0
259 705 73 1 3 0
268 710 76 0 3 0
274 714 84 4 3 0
274 723 86 9 3 0
257 726 86 12 0 0
246 730 95 19 0 0
230 739 96 28 0 0
215 745 96 30 0 0
196 751 101 39 0 0
183 754 105 40 0 0
166 757 112 42 0 0
150 761 114 51 0 0
133 770 123 55 0 0
122 772 126 63 0 0
111 775 130 68 0 0
96 780 139 72 0 0
76 789 142 79 0 0
58 796 144 86 0 0
38 801 144 95 0 0
27 808 145 99 0 0
8 810 151 102 0 0
9 813 156 104 0 0
7 821 164 105 0 0
7 823 169 105 0 0
6 832 170 114 0 0
4 840 176 117 0 0
2 847 182 123 0 0
0 848 186 130 0 0
4 852 192 130 0 0
4 855 199 133 0 0
7 856 201 140 0 0
15 842 206 149 1 0
17 827 211 158 1 0
26 816 216 159 1 0
27 798 222 160 1 0
29 781 227 160 1 0
35 768 236 161 1 0
41 748 238 169 1 0
47 731 241 173 1 0
55 715 241 182 1 0
64 697 242 187 1 0
64 685 245 194 1 0
65 668 247 203 1 0
66 652 254 211 1 0
71 640 257 217 1 0
73 621 257 222 1 0
78 609 261 228 1 0
80 594 263 234 1 0
83 575 272 240 1 0
85 560 273 243 1 0
89 544 282 249 1 0
93 531 282 255 1 0
93 520 289 258 1 0
99 502 291 258 1 0
104 485 291 267 1 0
105 472 299 272 1 0
105 458 299 279 1 0
105 441 300 283 1 0
105 427 309 285 1 0
109 412 312 294 1 0
112 396 318 297 1 0
112 397 307 298 2 0
118 402 291 307 2 0
119 411 276 309 2 0
120 415 263 316 2 0
123 416 252 317 2 0
132 420 239 325 2 0
140 423 220 328 2 0
148 426 209 335 2 0
148 426 193 343 2 0
150 434 179 351 2 0
150 439 167 354 2 0
156 441 156 359 2 0
164 443 141 367 2 0
172 450 127 370 2 0
178 456 109 377 2 0
178 463 98 379 2 0
181 465 85 382 2 0
189 472 66 387 2 0
195 473 50 396 2 0
199 478 33 400 2 0
202 481 20 408 2 0
206 482 0 413 2 0
213 482 7 418 2 0
216 491 9 426 2 0
220 497 4 435 2 0
226 502 5 440 2 0
232 504 6 440 2 0
241 506 9 449 2 0
244 511 5 455 2 0
247 518 6 463 2 0
253 520 0 469 2 0
261 520 3 458 3 0
263 525 9 445 3 0
269 525 9 429 3 0
278 529 14 417 3 0
281 537 20 401 3 0
283 543 23 383 3 0
283 550 27 365 3 0
288 556 36 349 3 0
290 560 42 333 3 0
291 566 43 318 3 0
292 573 50 301 3 0
300 573 51 283 3 0
303 574 51 272 3 0
311 579 59 256 3 0
317 579 61 238 3 0
317 580 67 221 3 0
319 584 74 206 3 0
322 587 74 186 3 0
325 591 74 175 3 0
329 593 78 158 3 0
330 601 81 143 3 0
335 602 84 124 3 0
338 605 85 112 3 0
342 610 92 101 3 0
349 616 101 85 3 0
350 616 102 67 3 0
356 623 109 50 3 0
356 624 118 33 3 0
364 625 119 17 3 0
368 628 123 6 3 0
375 628 130 7 3 0
375 631 135 4 3 0
384 640 137 7 3 0
391 642 137 3 3 0
393 647 146 9 3 0
398 650 154 0 3 0
404 655 160 9 3 0
404 657 160 3 3 0
407 664 164 7 3 0
414 670 165 0 3 0
422 678 172 5 3 0
430 685 172 9 3 0
430 686 175 0 3 0
433 693 181 3 3 0
438 694 183 2 3 0
440 702 186 3 3 0
420 710 191 11 0 0
403 719 197 19 0 0
386 723 204 22 0 0
375 726 205 29 0 0
355 728 209 35 0 0
342 733 218 37 0 0
331 737 224 41 0 0
312 740 226 42 0 0
300 743 227 50 0 0
285 747 229 59 0 0
266 747 229 60 0 0
246 747 232 63 0 0
228 749 234 63 0 0
216 758 241 67 0 0
204 765 245 72 0 0
190 765 245 78 0 0
175 772 248 82 0 0
164 772 249 90 0 0
150 774 249 93 0 0
136 782 252 97 0 0
117 790 252 104 0 0
103 791 260 113 0 0
83 796 268 117 0 0
70 805 273 118 0 0
58 807 279 118 0 0
40 807 284 127 0 0
21 815 286 134 0 0
8 824 293 141 0 0
9 832 301 150 0 0
2 837 301 158 0 0
3 841 303 158 0 0
0 841 306 165 0 0
0 849 311 166 0 0
7 853 311 166 0 0
4 854 314 171 0 0
3 855 314 173 0 0
8 859 314 173 0 0
2 859 316 175 0 0
4 867 321 179 0 0
2 871 329 179 0 0
7 873 333 184 0 0
2 878 340 189 0 0
6 884 348 191 0 0
1 893 348 191 0 0
5 882 354 193 1 0
7 870 356 201 1 0
14 856 364 208 1 0
18 845 364 215 1 0
20 827 368 220 1 0
25 813 377 223 1 0
34 796 381 230 1 0
40 776 385 234 1 0
48 758 387 234 1 0
49 739 390 238 1 0
49 719 399 239 1 0
56 704 401 239 1 0
65 685 410 245 1 0
70 671 417 253 1 0
78 655 418 254 1 0
84 641 425 259 1 0
87 625 426 268 1 0
96 611 433 274 1 0
105 591 439 281 1 0
111 577 446 281 1 0
117 564 453 289 1 0
124 547 458 295 1 0
126 534 467 301 1 0
133 514 471 307 1 0
134 494 475 312 1 0
135 474 483 314 1 0
142 454 485 319 1 0
151 438 491 320 1 0
152 423 494 325 1 0
159 403 494 326 1 0
165 404 482 326 2 0
174 408 463 330 2 0
176 410 449 338 2 0
178 413 431 343 2 0
178 422 414 350 2 0
184 422 399 351 2 0
186 431 386 360 2 0
194 440 375 368 2 0
197 446 358 377 2 0
201 450 338 383 2 0
205 456 324 392 2 0
205 464 313 393 2 0
210 464 302 397 2 0
216 465 282 402 2 0
224 473 264 402 2 0
227 481 253 406 2 0
228 490 237 410 2 0
234 497 222 417 2 0
239 499 206 419 2 0
241 504 186 424 2 0
247 511 173 433 2 0
247 513 154 441 2 0
254 521 136 444 2 0
262 524 122 448 2 0
269 533 106 448 2 0
270 538 93 457 2 0
270 546 80 460 2 0
271 548 65 469 2 0
274 555 47 472 2 0
282 558 29 475 2 0
282 564 10 481 2 0
283 573 1 490 2 0
287 582 0 495 2 0
289 590 6 504 2 0
292 595 6 508 2 0
299 599 7 512 2 0
303 599 4 513 2 0
307 602 3 521 2 0
312 607 1 527 2 0
321 613 6 531 2 0
327 618 7 537 2 0
327 618 3 541 2 0
335 621 5 543 2 0
341 626 0 548 2 0
345 629 7 554 2 0
353 629 8 554 2 0
358 632 5 555 2 0
358 636 1 556 2 0
363 644 1 557 2 0
364 649 9 544 3 0
365 658 9 530 3 0
365 667 13 512 3 0
368 671 17 493 3 0
371 672 22 475 3 0
377 672 28 457 3 0
377 680 34 446 3 0
382 687 40 434 3 0
382 693 44 418 3 0
391 696 49 403 3 0
395 696 54 384 3 0
399 703 60 373 3 0
405 712 60 356 3 0
410 716 60 342 3 0
416 724 62 330 3 0
420 727 67 318 3 0
427 734 68 298 3 0
436 742 68 286 3 0
445 745 76 273 3 0
445 750 78 260 3 0
445 758 82 242 3 0
450 764 84 228 3 0
454 767 90 214 3 0
457 768 97 195 3 0
466 770 105 175 3 0
474 770 106 155 3 0
482 777 112 136 3 0
485 778 114 124 3 0
490 781 123 112 3 0
492 783 124 96 3 0
473 792 131 103 0 0
460 796 131 107 0 0
448 802 138 115 0 0
429 808 146 115 0 0
414 810 151 119 0 0
402 818 154 128 0 0
382 823 157 132 0 0
366 826 166 137 0 0
